  0 1                    0  0.000002
  0 2                    0  0.000002
  0 3                    0  0.000001
  0 4                    0  0.000010
  1 1                    1  0.000001
  1 2                    1  0.000001
  1 3                    1  0.000001
  1 4                    1  0.000007
  2 1                    1  0.000001
  2 2                    1  0.000001
  2 3                    1  0.000001
  2 4                    1  0.000001
  3 1                    2  0.000001
  3 2                    2  0.000001
  3 3                    2  0.000001
  3 4                    2  0.000001
  4 1                    3  0.000001
  4 2                    3  0.000001
  4 3                    3  0.000001
  4 4                    3  0.000002
  5 1                    5  0.000001
  5 2                    5  0.000001
  5 3                    5  0.000001
  5 4                    5  0.000001
  6 1                    8  0.000002
  6 2                    8  0.000001
  6 3                    8  0.000001
  6 4                    8  0.000001
  7 1                   13  0.000002
  7 2                   13  0.000001
  7 3                   13  0.000001
  7 4                   13  0.000001
  8 1                   21  0.000002
  8 2                   21  0.000001
  8 3                   21  0.000001
  8 4                   21  0.000001
  9 1                   34  0.000002
  9 2                   34  0.000008
  9 3                   34  0.000001
  9 4                   34  0.000001
 10 1                   55  0.000002
 10 2                   55  0.000001
 10 3                   55  0.000001
 10 4                   55  0.000001
 11 1                   89  0.000003
 11 2                   89  0.000001
 11 3                   89  0.000001
 11 4                   89  0.000001
 12 1                  144  0.000003
 12 2                  144  0.000001
 12 3                  144  0.000001
 12 4                  144  0.000001
 13 1                  233  0.000004
 13 2                  233  0.000001
 13 3                  233  0.000001
 13 4                  233  0.000001
 14 1                  377  0.000004
 14 2                  377  0.000001
 14 3                  377  0.000001
 14 4                  377  0.000001
 15 1                  610  0.000010
 15 2                  610  0.000001
 15 3                  610  0.000001
 15 4                  610  0.000001
 16 1                  987  0.000010
 16 2                  987  0.000001
 16 3                  987  0.000001
 16 4                  987  0.000001
 17 1                 1597  0.000016
 17 2                 1597  0.000001
 17 3                 1597  0.000001
 17 4                 1597  0.000001
 18 1                 2584  0.000021
 18 2                 2584  0.000001
 18 3                 2584  0.000001
 18 4                 2584  0.000001
 19 1                 4181  0.000036
 19 2                 4181  0.000001
 19 3                 4181  0.000001
 19 4                 4181  0.000001
 20 1                 6765  0.000053
 20 2                 6765  0.000001
 20 3                 6765  0.000001
 20 4                 6765  0.000001
 21 1                10946  0.000088
 21 2                10946  0.000001
 21 3                10946  0.000001
 21 4                10946  0.000001
 22 1                17711  0.000124
 22 2                17711  0.000001
 22 3                17711  0.000001
 22 4                17711  0.000001
 23 1                28657  0.000195
 23 2                28657  0.000001
 23 3                28657  0.000001
 23 4                28657  0.000001
 24 1                46368  0.000343
 24 2                46368  0.000001
 24 3                46368  0.000001
 24 4                46368  0.000001
 25 1                75025  0.000512
 25 2                75025  0.000001
 25 3                75025  0.000001
 25 4                75025  0.000001
 26 1               121393  0.001098
 26 2               121393  0.000002
 26 3               121393  0.000001
 26 4               121393  0.000002
 27 1               196418  0.001627
 27 2               196418  0.000001
 27 3               196418